        TIME,    TIDE,      OB,   SURGE,    BIAS,     TWL,SURGE90p,  TWL90p,SURGE10p,   TWL10p
202609111800,   0.088,9999.000,   0.400,9999.000,   0.488,   0.400,   0.488,   0.500,   0.588
202609111806,   0.043,9999.000,9999.000,9999.000,9999.000,9999.000,9999.000,9999.000,9999.000
202609111812,   0.006,9999.000,9999.000,9999.000,9999.000,9999.000,9999.000,9999.000,9999.000
202609111818,  -0.022,9999.000,9999.000,9999.000,9999.000,9999.000,9999.000,9999.000,9999.000
202609111824,  -0.044,9999.000,9999.000,9999.000,9999.000,9999.000,9999.000,9999.000,9999.000
202609111830,  -0.058,9999.000,9999.000,9999.000,9999.000,9999.000,9999.000,9999.000,9999.000
202609111836,  -0.063,9999.000,9999.000,9999.000,9999.000,9999.000,9999.000,9999.000,9999.000
202609111842,  -0.061,9999.000,9999.000,9999.000,9999.000,9999.000,9999.000,9999.000,9999.000
202609111848,  -0.051,9999.000,9999.000,9999.000,9999.000,9999.000,9999.000,9999.000,9999.000
202609111854,  -0.034,9999.000,9999.000,9999.000,9999.000,9999.000,9999.000,9999.000,9999.000
202609111900,  -0.009,   0.518,   0.500,   0.027,   0.518,   0.400,   0.418,   0.500,   0.518
202609111906,   0.023,   0.570,9999.000,9999.000,9999.000,9999.000,9999.000,9999.000,9999.000
202609111912,   0.064,   0.649,9999.000,9999.000,9999.000,9999.000,9999.000,9999.000,9999.000
202609111918,   0.111,   0.708,9999.000,9999.000,9999.000,9999.000,9999.000,9999.000,9999.000
202609111924,   0.166,   0.770,9999.000,9999.000,9999.000,9999.000,9999.000,9999.000,9999.000
202609111930,   0.227,   0.810,9999.000,9999.000,9999.000,9999.000,9999.000,9999.000,9999.000
202609111936,   0.296,   0.849,9999.000,9999.000,9999.000,9999.000,9999.000,9999.000,9999.000
202609111942,   0.370,   0.898,9999.000,9999.000,9999.000,9999.000,9999.000,9999.000,9999.000
202609111948,   0.451,   0.961,9999.000,9999.000,9999.000,9999.000,9999.000,9999.000,9999.000
202609111954,   0.537,   1.020,9999.000,9999.000,9999.000,9999.000,9999.000,9999.000,9999.000
202609112000,   0.629,   1.098,   0.500,  -0.031,   1.098,   0.400,   0.998,   0.500,   1.098
202609112006,   0.727,   1.200,9999.000,9999.000,9999.000,9999.000,9999.000,9999.000,9999.000
202609112012,   0.829,   1.298,9999.000,9999.000,9999.000,9999.000,9999.000,9999.000,9999.000
202609112018,   0.935,   1.390,9999.000,9999.000,9999.000,9999.000,9999.000,9999.000,9999.000
202609112024,   1.046,   1.469,9999.000,9999.000,9999.000,9999.000,9999.000,9999.000,9999.000
202609112030,   1.160,   1.548,9999.000,9999.000,9999.000,9999.000,9999.000,9999.000,9999.000
202609112036,   1.279,   1.659,9999.000,9999.000,9999.000,9999.000,9999.000,9999.000,9999.000
202609112042,   1.400,   1.748,9999.000,9999.000,9999.000,9999.000,9999.000,9999.000,9999.000
202609112048,   1.524,   1.859,9999.000,9999.000,9999.000,9999.000,9999.000,9999.000,9999.000
202609112054,   1.650,   1.981,9999.000,9999.000,9999.000,9999.000,9999.000,9999.000,9999.000
202609112100,   1.779,   2.099,   0.500,  -0.180,   2.099,   0.500,   2.099,   0.600,   2.199
202609112106,   1.909,   2.220,9999.000,9999.000,9999.000,9999.000,9999.000,9999.000,9999.000
202609112112,   2.041,   2.328,9999.000,9999.000,9999.000,9999.000,9999.000,9999.000,9999.000
202609112118,   2.173,   2.420,9999.000,9999.000,9999.000,9999.000,9999.000,9999.000,9999.000
202609112124,   2.307,   2.548,9999.000,9999.000,9999.000,9999.000,9999.000,9999.000,9999.000
202609112130,   2.441,   2.650,9999.000,9999.000,9999.000,9999.000,9999.000,9999.000,9999.000
202609112136,   2.575,   2.778,9999.000,9999.000,9999.000,9999.000,9999.000,9999.000,9999.000
202609112142,   2.708,   2.909,9999.000,9999.000,9999.000,9999.000,9999.000,9999.000,9999.000
202609112148,   2.842,   3.050,9999.000,9999.000,9999.000,9999.000,9999.000,9999.000,9999.000
202609112154,   2.974,   3.158,9999.000,9999.000,9999.000,9999.000,9999.000,9999.000,9999.000
202609112200,   3.106,   3.299,   0.500,  -0.307,   3.299,   0.500,   3.299,   0.600,   3.399
202609112206,   3.237,   3.417,9999.000,9999.000,9999.000,9999.000,9999.000,9999.000,9999.000
202609112212,   3.366,   3.548,9999.000,9999.000,9999.000,9999.000,9999.000,9999.000,9999.000
202609112218,   3.493,   3.670,9999.000,9999.000,9999.000,9999.000,9999.000,9999.000,9999.000
202609112224,   3.618,   3.788,9999.000,9999.000,9999.000,9999.000,9999.000,9999.000,9999.000
202609112230,   3.742,   3.919,9999.000,9999.000,9999.000,9999.000,9999.000,9999.000,9999.000
202609112236,   3.862,   4.070,9999.000,9999.000,9999.000,9999.000,9999.000,9999.000,9999.000
202609112242,   3.981,   4.178,9999.000,9999.000,9999.000,9999.000,9999.000,9999.000,9999.000
202609112248,   4.097,   4.309,9999.000,9999.000,9999.000,9999.000,9999.000,9999.000,9999.000
202609112254,   4.209,   4.427,9999.000,9999.000,9999.000,9999.000,9999.000,9999.000,9999.000
202609112300,   4.319,   4.549,   0.500,  -0.270,   4.549,   0.500,   4.549,   0.600,   4.649
202609112306,   4.425,   4.667,9999.000,9999.000,9999.000,9999.000,9999.000,9999.000,9999.000
202609112312,   4.528,   4.769,9999.000,9999.000,9999.000,9999.000,9999.000,9999.000,9999.000
202609112318,   4.627,   4.867,9999.000,9999.000,9999.000,9999.000,9999.000,9999.000,9999.000
202609112324,   4.723,   4.969,9999.000,9999.000,9999.000,9999.000,9999.000,9999.000,9999.000
202609112330,   4.814,   5.047,9999.000,9999.000,9999.000,9999.000,9999.000,9999.000,9999.000
202609112336,   4.902,   5.139,9999.000,9999.000,9999.000,9999.000,9999.000,9999.000,9999.000
202609112342,   4.985,   5.218,9999.000,9999.000,9999.000,9999.000,9999.000,9999.000,9999.000
202609112348,   5.063,   5.320,9999.000,9999.000,9999.000,9999.000,9999.000,9999.000,9999.000
202609112354,   5.136,   5.398,9999.000,9999.000,9999.000,9999.000,9999.000,9999.000,9999.000
202609120000,   5.205,   5.477,   0.500,  -0.228,   5.477,   0.400,   5.377,   0.500,   5.477
202609120006,   5.268,   5.530,9999.000,9999.000,9999.000,9999.000,9999.000,9999.000,9999.000
202609120012,   5.326,   5.598,9999.000,9999.000,9999.000,9999.000,9999.000,9999.000,9999.000
202609120018,   5.379,   5.667,9999.000,9999.000,9999.000,9999.000,9999.000,9999.000,9999.000
202609120024,   5.426,   5.730,9999.000,9999.000,9999.000,9999.000,9999.000,9999.000,9999.000
202609120030,   5.467,   5.779,9999.000,9999.000,9999.000,9999.000,9999.000,9999.000,9999.000
202609120036,   5.501,   5.838,9999.000,9999.000,9999.000,9999.000,9999.000,9999.000,9999.000
202609120042,   5.529,   5.858,9999.000,9999.000,9999.000,9999.000,9999.000,9999.000,9999.000
202609120048,   5.551,   5.897,9999.000,9999.000,9999.000,9999.000,9999.000,9999.000,9999.000
202609120054,   5.566,   5.917,9999.000,9999.000,9999.000,9999.000,9999.000,9999.000,9999.000
202609120100,   5.574,   5.940,   0.500,  -0.134,   5.940,   0.500,   5.940,   0.500,   5.940
202609120106,   5.575,   5.969,9999.000,9999.000,9999.000,9999.000,9999.000,9999.000,9999.000
202609120112,   5.569,   5.989,9999.000,9999.000,9999.000,9999.000,9999.000,9999.000,9999.000
202609120118,   5.556,   5.979,9999.000,9999.000,9999.000,9999.000,9999.000,9999.000,9999.000
202609120124,   5.536,   5.979,9999.000,9999.000,9999.000,9999.000,9999.000,9999.000,9999.000
202609120130,   5.508,   5.959,9999.000,9999.000,9999.000,9999.000,9999.000,9999.000,9999.000
202609120136,   5.472,   5.940,9999.000,9999.000,9999.000,9999.000,9999.000,9999.000,9999.000
202609120142,   5.430,   5.926,9999.000,9999.000,9999.000,9999.000,9999.000,9999.000,9999.000
202609120148,   5.379,   5.907,9999.000,9999.000,9999.000,9999.000,9999.000,9999.000,9999.000
202609120154,   5.322,   5.858,9999.000,9999.000,9999.000,9999.000,9999.000,9999.000,9999.000
202609120200,   5.257,   5.808,   0.500,   0.051,   5.808,   0.500,   5.808,   0.500,   5.808
202609120206,   5.185,   5.739,9999.000,9999.000,9999.000,9999.000,9999.000,9999.000,9999.000
202609120212,   5.106,   5.657,9999.000,9999.000,9999.000,9999.000,9999.000,9999.000,9999.000
202609120218,   5.020,   5.598,9999.000,9999.000,9999.000,9999.000,9999.000,9999.000,9999.000
202609120224,   4.928,   5.516,9999.000,9999.000,9999.000,9999.000,9999.000,9999.000,9999.000
202609120230,   4.830,   5.418,9999.000,9999.000,9999.000,9999.000,9999.000,9999.000,9999.000
202609120236,   4.725,   5.329,9999.000,9999.000,9999.000,9999.000,9999.000,9999.000,9999.000
202609120242,   4.615,   5.218,9999.000,9999.000,9999.000,9999.000,9999.000,9999.000,9999.000
202609120248,   4.499,   5.139,9999.000,9999.000,9999.000,9999.000,9999.000,9999.000,9999.000
202609120254,   4.379,   5.047,9999.000,9999.000,9999.000,9999.000,9999.000,9999.000,9999.000
202609120300,   4.254,   4.959,   0.500,   0.205,   4.959,   0.500,   4.959,   0.500,   4.959
202609120306,   4.124,   4.877,9999.000,9999.000,9999.000,9999.000,9999.000,9999.000,9999.000
202609120312,   3.991,   4.778,9999.000,9999.000,9999.000,9999.000,9999.000,9999.000,9999.000
202609120318,   3.855,   4.667,9999.000,9999.000,9999.000,9999.000,9999.000,9999.000,9999.000
202609120324,   3.715,   4.559,9999.000,9999.000,9999.000,9999.000,9999.000,9999.000,9999.000
202609120330,   3.573,   4.437,9999.000,9999.000,9999.000,9999.000,9999.000,9999.000,9999.000
202609120336,   3.429,   4.309,9999.000,9999.000,9999.000,9999.000,9999.000,9999.000,9999.000
202609120342,   3.283,   4.159,9999.000,9999.000,9999.000,9999.000,9999.000,9999.000,9999.000
202609120348,   3.136,   4.017,9999.000,9999.000,9999.000,9999.000,9999.000,9999.000,9999.000
202609120354,   2.988,   3.870,9999.000,9999.000,9999.000,9999.000,9999.000,9999.000,9999.000
202609120400,   2.839,   3.719,   0.500,   0.380,   3.719,   0.500,   3.719,   0.500,   3.719
202609120406,   2.691,   3.588,9999.000,9999.000,9999.000,9999.000,9999.000,9999.000,9999.000
202609120412,   2.542,   3.450,9999.000,9999.000,9999.000,9999.000,9999.000,9999.000,9999.000
202609120418,   2.395,   3.299,9999.000,9999.000,9999.000,9999.000,9999.000,9999.000,9999.000
202609120424,   2.249,   3.178,9999.000,9999.000,9999.000,9999.000,9999.000,9999.000,9999.000
202609120430,   2.104,   3.050,9999.000,9999.000,9999.000,9999.000,9999.000,9999.000,9999.000
202609120436,   1.961,   2.899,9999.000,9999.000,9999.000,9999.000,9999.000,9999.000,9999.000
202609120442,   1.820,   2.758,9999.000,9999.000,9999.000,9999.000,9999.000,9999.000,9999.000
202609120448,   1.682,   2.630,9999.000,9999.000,9999.000,9999.000,9999.000,9999.000,9999.000
202609120454,   1.546,   2.479,9999.000,9999.000,9999.000,9999.000,9999.000,9999.000,9999.000
202609120500,   1.414,   2.338,   0.500,   0.424,   2.338,   0.400,   2.238,   0.500,   2.338
202609120506,   1.285,   2.210,9999.000,9999.000,9999.000,9999.000,9999.000,9999.000,9999.000
202609120512,   1.161,   2.069,9999.000,9999.000,9999.000,9999.000,9999.000,9999.000,9999.000
202609120518,   1.040,   1.938,9999.000,9999.000,9999.000,9999.000,9999.000,9999.000,9999.000
202609120524,   0.924,   1.830,9999.000,9999.000,9999.000,9999.000,9999.000,9999.000,9999.000
202609120530,   0.813,   1.699,9999.000,9999.000,9999.000,9999.000,9999.000,9999.000,9999.000
202609120536,   0.707,   1.580,9999.000,9999.000,9999.000,9999.000,9999.000,9999.000,9999.000
202609120542,   0.606,   1.459,9999.000,9999.000,9999.000,9999.000,9999.000,9999.000,9999.000
202609120548,   0.512,   1.361,9999.000,9999.000,9999.000,9999.000,9999.000,9999.000,9999.000
202609120554,   0.423,   1.249,9999.000,9999.000,9999.000,9999.000,9999.000,9999.000,9999.000
202609120600,   0.340,   1.118,   0.500,   0.278,   1.118,   0.500,   1.118,   0.500,   1.118
202609120606,   0.265,   1.039,9999.000,9999.000,9999.000,9999.000,9999.000,9999.000,9999.000
202609120612,   0.196,   0.941,9999.000,9999.000,9999.000,9999.000,9999.000,9999.000,9999.000
202609120618,   0.133,   0.839,9999.000,9999.000,9999.000,9999.000,9999.000,9999.000,9999.000
202609120624,   0.079,   0.760,9999.000,9999.000,9999.000,9999.000,9999.000,9999.000,9999.000
202609120630,   0.031,   0.669,9999.000,9999.000,9999.000,9999.000,9999.000,9999.000,9999.000
202609120636,  -0.008,   0.600,9999.000,9999.000,9999.000,9999.000,9999.000,9999.000,9999.000
202609120642,  -0.040,   0.560,9999.000,9999.000,9999.000,9999.000,9999.000,9999.000,9999.000
202609120648,  -0.065,   0.498,9999.000,9999.000,9999.000,9999.000,9999.000,9999.000,9999.000
202609120654,  -0.081,   0.478,9999.000,9999.000,9999.000,9999.000,9999.000,9999.000,9999.000
202609120700,  -0.090,   0.478,   0.500,   0.068,   0.478,   0.500,   0.478,   0.500,   0.478
202609120706,  -0.091,   0.459,9999.000,9999.000,9999.000,9999.000,9999.000,9999.000,9999.000
202609120712,  -0.084,   0.449,9999.000,9999.000,9999.000,9999.000,9999.000,9999.000,9999.000
202609120718,  -0.070,   0.469,9999.000,9999.000,9999.000,9999.000,9999.000,9999.000,9999.000
202609120724,  -0.047,   0.498,9999.000,9999.000,9999.000,9999.000,9999.000,9999.000,9999.000
202609120730,  -0.017,   0.508,9999.000,9999.000,9999.000,9999.000,9999.000,9999.000,9999.000
202609120736,   0.019,   0.560,9999.000,9999.000,9999.000,9999.000,9999.000,9999.000,9999.000
202609120742,   0.064,   0.610,9999.000,9999.000,9999.000,9999.000,9999.000,9999.000,9999.000
202609120748,   0.115,   0.659,9999.000,9999.000,9999.000,9999.000,9999.000,9999.000,9999.000
202609120754,   0.174,   0.718,9999.000,9999.000,9999.000,9999.000,9999.000,9999.000,9999.000
202609120800,   0.239,   0.810,   0.500,   0.071,   0.810,   0.500,   0.810,   0.500,   0.810
202609120806,   0.311,   0.859,9999.000,9999.000,9999.000,9999.000,9999.000,9999.000,9999.000
202609120812,   0.388,   0.941,9999.000,9999.000,9999.000,9999.000,9999.000,9999.000,9999.000
202609120818,   0.472,   1.039,9999.000,9999.000,9999.000,9999.000,9999.000,9999.000,9999.000
202609120824,   0.561,   1.161,9999.000,9999.000,9999.000,9999.000,9999.000,9999.000,9999.000
202609120830,   0.655,   1.249,9999.000,9999.000,9999.000,9999.000,9999.000,9999.000,9999.000
202609120836,   0.754,   1.348,9999.000,9999.000,9999.000,9999.000,9999.000,9999.000,9999.000
202609120842,   0.858,   1.439,9999.000,9999.000,9999.000,9999.000,9999.000,9999.000,9999.000
202609120848,   0.966,   1.518,9999.000,9999.000,9999.000,9999.000,9999.000,9999.000,9999.000
202609120854,   1.078,   1.600,9999.000,9999.000,9999.000,9999.000,9999.000,9999.000,9999.000
202609120900,   1.193,   1.659,   0.500,  -0.034,   1.659,   0.500,   1.659,   0.500,   1.659
202609120906,   1.312,   1.748,9999.000,9999.000,9999.000,9999.000,9999.000,9999.000,9999.000
202609120912,   1.433,   1.849,9999.000,9999.000,9999.000,9999.000,9999.000,9999.000,9999.000
202609120918,   1.557,   1.948,9999.000,9999.000,9999.000,9999.000,9999.000,9999.000,9999.000
202609120924,   1.683,   2.049,9999.000,9999.000,9999.000,9999.000,9999.000,9999.000,9999.000
202609120930,   1.811,   2.177,9999.000,9999.000,9999.000,9999.000,9999.000,9999.000,9999.000
202609120936,   1.940,   2.289,9999.000,9999.000,9999.000,9999.000,9999.000,9999.000,9999.000
202609120942,   2.071,   2.420,9999.000,9999.000,9999.000,9999.000,9999.000,9999.000,9999.000
202609120948,   2.203,   2.568,9999.000,9999.000,9999.000,9999.000,9999.000,9999.000,9999.000
202609120954,   2.335,   2.719,9999.000,9999.000,9999.000,9999.000,9999.000,9999.000,9999.000
202609121000,   2.468,   2.850,   0.500,  -0.118,   2.850,   0.500,   2.850,   0.600,   2.950
202609121006,   2.601,   2.988,9999.000,9999.000,9999.000,9999.000,9999.000,9999.000,9999.000
202609121012,   2.733,   3.119,9999.000,9999.000,9999.000,9999.000,9999.000,9999.000,9999.000
202609121018,   2.865,   3.230,9999.000,9999.000,9999.000,9999.000,9999.000,9999.000,9999.000
202609121024,   2.997,   3.348,9999.000,9999.000,9999.000,9999.000,9999.000,9999.000,9999.000
202609121030,   3.127,   3.450,9999.000,9999.000,9999.000,9999.000,9999.000,9999.000,9999.000
202609121036,   3.257,   3.578,9999.000,9999.000,9999.000,9999.000,9999.000,9999.000,9999.000
202609121042,   3.385,   3.699,9999.000,9999.000,9999.000,9999.000,9999.000,9999.000,9999.000
202609121048,   3.511,   3.837,9999.000,9999.000,9999.000,9999.000,9999.000,9999.000,9999.000
202609121054,   3.636,   3.968,9999.000,9999.000,9999.000,9999.000,9999.000,9999.000,9999.000
202609121100,   3.758,   4.099,   0.600,  -0.259,   4.099,   0.500,   3.999,   0.600,   4.099
202609121106,   3.878,   4.218,9999.000,9999.000,9999.000,9999.000,9999.000,9999.000,9999.000
202609121112,   3.996,   4.349,9999.000,9999.000,9999.000,9999.000,9999.000,9999.000,9999.000
202609121118,   4.111,   4.467,9999.000,9999.000,9999.000,9999.000,9999.000,9999.000,9999.000
202609121124,   4.224,   4.578,9999.000,9999.000,9999.000,9999.000,9999.000,9999.000,9999.000
202609121130,   4.333,   4.677,9999.000,9999.000,9999.000,9999.000,9999.000,9999.000,9999.000
202609121136,   4.439,   4.798,9999.000,9999.000,9999.000,9999.000,9999.000,9999.000,9999.000
202609121142,   4.542,   4.877,9999.000,9999.000,9999.000,9999.000,9999.000,9999.000,9999.000
202609121148,   4.640,   4.969,9999.000,9999.000,9999.000,9999.000,9999.000,9999.000,9999.000
202609121154,   4.735,   5.057,9999.000,9999.000,9999.000,9999.000,9999.000,9999.000,9999.000
202609121200,   4.826,   5.159,   0.500,  -0.167,   5.159,   0.500,   5.159,   0.600,   5.259
202609121206,   4.913,   5.238,9999.000,9999.000,9999.000,9999.000,9999.000,9999.000,9999.000
202609121212,   4.995,   5.307,9999.000,9999.000,9999.000,9999.000,9999.000,9999.000,9999.000
202609121218,   5.072,   5.389,9999.000,9999.000,9999.000,9999.000,9999.000,9999.000,9999.000
202609121224,   5.145,   5.487,9999.000,9999.000,9999.000,9999.000,9999.000,9999.000,9999.000
202609121230,   5.212,   5.569,9999.000,9999.000,9999.000,9999.000,9999.000,9999.000,9999.000
202609121236,   5.274,   5.648,9999.000,9999.000,9999.000,9999.000,9999.000,9999.000,9999.000
202609121242,   5.330,   5.730,9999.000,9999.000,9999.000,9999.000,9999.000,9999.000,9999.000
202609121248,   5.380,   5.769,9999.000,9999.000,9999.000,9999.000,9999.000,9999.000,9999.000
202609121254,   5.423,   5.799,9999.000,9999.000,9999.000,9999.000,9999.000,9999.000,9999.000
202609121300,   5.461,   5.808,   0.600,  -0.253,   5.808,   0.500,   5.708,   0.600,   5.808
202609121306,   5.492,   5.838,9999.000,9999.000,9999.000,9999.000,9999.000,9999.000,9999.000
202609121312,   5.516,   5.848,9999.000,9999.000,9999.000,9999.000,9999.000,9999.000,9999.000
202609121318,   5.534,   5.867,9999.000,9999.000,9999.000,9999.000,9999.000,9999.000,9999.000
202609121324,   5.544,   5.897,9999.000,9999.000,9999.000,9999.000,9999.000,9999.000,9999.000
202609121330,   5.547,   5.940,9999.000,9999.000,9999.000,9999.000,9999.000,9999.000,9999.000
202609121336,   5.542,   5.969,9999.000,9999.000,9999.000,9999.000,9999.000,9999.000,9999.000
202609121342,   5.530,   5.999,9999.000,9999.000,9999.000,9999.000,9999.000,9999.000,9999.000
202609121348,   5.510,   6.018,9999.000,9999.000,9999.000,9999.000,9999.000,9999.000,9999.000
202609121354,   5.483,   6.028,9999.000,9999.000,9999.000,9999.000,9999.000,9999.000,9999.000
202609121400,   5.448,   6.048,   0.600,   0.000,   6.048,   0.600,   6.048,   0.600,   6.048
202609121406,   5.406,   6.038,9999.000,9999.000,9999.000,9999.000,9999.000,9999.000,9999.000
202609121412,   5.356,   5.999,9999.000,9999.000,9999.000,9999.000,9999.000,9999.000,9999.000
202609121418,   5.298,   5.959,9999.000,9999.000,9999.000,9999.000,9999.000,9999.000,9999.000
202609121424,   5.233,   5.907,9999.000,9999.000,9999.000,9999.000,9999.000,9999.000,9999.000
202609121430,   5.160,   5.877,9999.000,9999.000,9999.000,9999.000,9999.000,9999.000,9999.000
202609121436,   5.081,   5.838,9999.000,9999.000,9999.000,9999.000,9999.000,9999.000,9999.000
202609121442,   4.995,   5.779,9999.000,9999.000,9999.000,9999.000,9999.000,9999.000,9999.000
202609121448,   4.902,   5.707,9999.000,9999.000,9999.000,9999.000,9999.000,9999.000,9999.000
202609121454,   4.802,   5.608,9999.000,9999.000,9999.000,9999.000,9999.000,9999.000,9999.000
202609121500,   4.697,   5.516,   0.600,   0.219,   5.516,   0.600,   5.516,   0.600,   5.516
202609121506,   4.586,   5.448,9999.000,9999.000,9999.000,9999.000,9999.000,9999.000,9999.000
202609121512,   4.470,   5.349,9999.000,9999.000,9999.000,9999.000,9999.000,9999.000,9999.000
202609121518,   4.349,   5.247,9999.000,9999.000,9999.000,9999.000,9999.000,9999.000,9999.000
202609121524,   4.223,   5.139,9999.000,9999.000,9999.000,9999.000,9999.000,9999.000,9999.000
202609121530,   4.093,   5.047,9999.000,9999.000,9999.000,9999.000,9999.000,9999.000,9999.000
202609121536,   3.959,   4.959,9999.000,9999.000,9999.000,9999.000,9999.000,9999.000,9999.000
202609121542,   3.823,   4.837,9999.000,9999.000,9999.000,9999.000,9999.000,9999.000,9999.000
202609121548,   3.683,   4.719,9999.000,9999.000,9999.000,9999.000,9999.000,9999.000,9999.000
202609121554,   3.541,   4.578,9999.000,9999.000,9999.000,9999.000,9999.000,9999.000,9999.000
202609121600,   3.397,   4.447,   0.600,   0.450,   4.447,   0.600,   4.447,   0.700,   4.547
202609121606,   3.251,   4.319,9999.000,9999.000,9999.000,9999.000,9999.000,9999.000,9999.000
202609121612,   3.105,   4.188,9999.000,9999.000,9999.000,9999.000,9999.000,9999.000,9999.000
202609121618,   2.957,   4.057,9999.000,9999.000,9999.000,9999.000,9999.000,9999.000,9999.000
202609121624,   2.810,   3.929,9999.000,9999.000,9999.000,9999.000,9999.000,9999.000,9999.000
202609121630,   2.662,   3.808,9999.000,9999.000,9999.000,9999.000,9999.000,9999.000,9999.000
202609121636,   2.516,   3.650,9999.000,9999.000,9999.000,9999.000,9999.000,9999.000,9999.000
202609121642,   2.370,   3.519,9999.000,9999.000,9999.000,9999.000,9999.000,9999.000,9999.000
202609121648,   2.225,   3.398,9999.000,9999.000,9999.000,9999.000,9999.000,9999.000,9999.000
202609121654,   2.082,   3.260,9999.000,9999.000,9999.000,9999.000,9999.000,9999.000,9999.000
202609121700,   1.942,   3.119,   0.600,   0.577,   3.119,   0.600,   3.119,   0.700,   3.219
202609121706,   1.803,   2.948,9999.000,9999.000,9999.000,9999.000,9999.000,9999.000,9999.000
202609121712,   1.668,   2.787,9999.000,9999.000,9999.000,9999.000,9999.000,9999.000,9999.000
202609121718,   1.536,   2.640,9999.000,9999.000,9999.000,9999.000,9999.000,9999.000,9999.000
202609121724,   1.407,   2.489,9999.000,9999.000,9999.000,9999.000,9999.000,9999.000,9999.000
202609121730,   1.282,   2.358,9999.000,9999.000,9999.000,9999.000,9999.000,9999.000,9999.000
202609121736,   1.161,   2.240,9999.000,9999.000,9999.000,9999.000,9999.000,9999.000,9999.000
202609121742,   1.045,   2.099,9999.000,9999.000,9999.000,9999.000,9999.000,9999.000,9999.000
202609121748,   0.934,   1.967,9999.000,9999.000,9999.000,9999.000,9999.000,9999.000,9999.000
202609121754,   0.828,   1.879,9999.000,9999.000,9999.000,9999.000,9999.000,9999.000,9999.000
202609121800,   0.727,   1.767,   0.600,   0.440,   1.767,   0.600,   1.767,   0.700,   1.867
202609121806,   0.632,   1.630,9999.000,9999.000,9999.000,9999.000,9999.000,9999.000,9999.000
202609121812,   0.543,   1.538,9999.000,9999.000,9999.000,9999.000,9999.000,9999.000,9999.000
202609121818,   0.461,   1.430,9999.000,9999.000,9999.000,9999.000,9999.000,9999.000,9999.000
202609121824,   0.384,   1.308,9999.000,9999.000,9999.000,9999.000,9999.000,9999.000,9999.000
202609121830,   0.315,   1.210,9999.000,9999.000,9999.000,9999.000,9999.000,9999.000,9999.000
202609121836,   0.253,   1.108,9999.000,9999.000,9999.000,9999.000,9999.000,9999.000,9999.000
202609121842,   0.198,   1.010,9999.000,9999.000,9999.000,9999.000,9999.000,9999.000,9999.000
202609121848,   0.150,   0.918,9999.000,9999.000,9999.000,9999.000,9999.000,9999.000,9999.000
